{
 "cells": [
  {
   "cell_type": "code",
   "execution_count": 1,
   "metadata": {},
   "outputs": [],
   "source": [
    "import numpy as np\n",
    "import pandas as pd"
   ]
  },
  {
   "cell_type": "code",
   "execution_count": 3,
   "metadata": {},
   "outputs": [],
   "source": [
    "df = pd.read_csv('Lekagul Sensor Data.csv', sep = ',')"
   ]
  },
  {
   "cell_type": "code",
   "execution_count": 4,
   "metadata": {},
   "outputs": [
    {
     "data": {
      "text/html": [
       "<div>\n",
       "<style scoped>\n",
       "    .dataframe tbody tr th:only-of-type {\n",
       "        vertical-align: middle;\n",
       "    }\n",
       "\n",
       "    .dataframe tbody tr th {\n",
       "        vertical-align: top;\n",
       "    }\n",
       "\n",
       "    .dataframe thead th {\n",
       "        text-align: right;\n",
       "    }\n",
       "</style>\n",
       "<table border=\"1\" class=\"dataframe\">\n",
       "  <thead>\n",
       "    <tr style=\"text-align: right;\">\n",
       "      <th></th>\n",
       "      <th>Timestamp</th>\n",
       "      <th>car-id</th>\n",
       "      <th>car-type</th>\n",
       "      <th>gate-name</th>\n",
       "    </tr>\n",
       "  </thead>\n",
       "  <tbody>\n",
       "    <tr>\n",
       "      <th>0</th>\n",
       "      <td>5/1/15 0:43</td>\n",
       "      <td>20154301124328-262</td>\n",
       "      <td>4</td>\n",
       "      <td>entrance3</td>\n",
       "    </tr>\n",
       "    <tr>\n",
       "      <th>1</th>\n",
       "      <td>5/1/15 1:03</td>\n",
       "      <td>20154301124328-262</td>\n",
       "      <td>4</td>\n",
       "      <td>general-gate1</td>\n",
       "    </tr>\n",
       "    <tr>\n",
       "      <th>2</th>\n",
       "      <td>5/1/15 1:06</td>\n",
       "      <td>20154301124328-262</td>\n",
       "      <td>4</td>\n",
       "      <td>ranger-stop2</td>\n",
       "    </tr>\n",
       "    <tr>\n",
       "      <th>3</th>\n",
       "      <td>5/1/15 1:09</td>\n",
       "      <td>20154301124328-262</td>\n",
       "      <td>4</td>\n",
       "      <td>ranger-stop0</td>\n",
       "    </tr>\n",
       "    <tr>\n",
       "      <th>4</th>\n",
       "      <td>5/1/15 1:12</td>\n",
       "      <td>20154301124328-262</td>\n",
       "      <td>4</td>\n",
       "      <td>general-gate2</td>\n",
       "    </tr>\n",
       "    <tr>\n",
       "      <th>...</th>\n",
       "      <td>...</td>\n",
       "      <td>...</td>\n",
       "      <td>...</td>\n",
       "      <td>...</td>\n",
       "    </tr>\n",
       "    <tr>\n",
       "      <th>171472</th>\n",
       "      <td>5/31/16 23:40</td>\n",
       "      <td>20161031111001-854</td>\n",
       "      <td>6</td>\n",
       "      <td>ranger-stop2</td>\n",
       "    </tr>\n",
       "    <tr>\n",
       "      <th>171473</th>\n",
       "      <td>5/31/16 23:42</td>\n",
       "      <td>20165831105856-579</td>\n",
       "      <td>1</td>\n",
       "      <td>general-gate4</td>\n",
       "    </tr>\n",
       "    <tr>\n",
       "      <th>171474</th>\n",
       "      <td>5/31/16 23:43</td>\n",
       "      <td>20161031111001-854</td>\n",
       "      <td>6</td>\n",
       "      <td>general-gate1</td>\n",
       "    </tr>\n",
       "    <tr>\n",
       "      <th>171475</th>\n",
       "      <td>5/31/16 23:49</td>\n",
       "      <td>20165831105856-579</td>\n",
       "      <td>1</td>\n",
       "      <td>general-gate7</td>\n",
       "    </tr>\n",
       "    <tr>\n",
       "      <th>171476</th>\n",
       "      <td>5/31/16 23:56</td>\n",
       "      <td>20161031111001-854</td>\n",
       "      <td>6</td>\n",
       "      <td>general-gate4</td>\n",
       "    </tr>\n",
       "  </tbody>\n",
       "</table>\n",
       "<p>171477 rows × 4 columns</p>\n",
       "</div>"
      ],
      "text/plain": [
       "            Timestamp              car-id car-type      gate-name\n",
       "0         5/1/15 0:43  20154301124328-262        4      entrance3\n",
       "1         5/1/15 1:03  20154301124328-262        4  general-gate1\n",
       "2         5/1/15 1:06  20154301124328-262        4   ranger-stop2\n",
       "3         5/1/15 1:09  20154301124328-262        4   ranger-stop0\n",
       "4         5/1/15 1:12  20154301124328-262        4  general-gate2\n",
       "...               ...                 ...      ...            ...\n",
       "171472  5/31/16 23:40  20161031111001-854        6   ranger-stop2\n",
       "171473  5/31/16 23:42  20165831105856-579        1  general-gate4\n",
       "171474  5/31/16 23:43  20161031111001-854        6  general-gate1\n",
       "171475  5/31/16 23:49  20165831105856-579        1  general-gate7\n",
       "171476  5/31/16 23:56  20161031111001-854        6  general-gate4\n",
       "\n",
       "[171477 rows x 4 columns]"
      ]
     },
     "execution_count": 4,
     "metadata": {},
     "output_type": "execute_result"
    }
   ],
   "source": [
    "df"
   ]
  },
  {
   "cell_type": "code",
   "execution_count": 8,
   "metadata": {},
   "outputs": [],
   "source": [
    "df[\"gate-name\"].replace(r'(entrance\\d*)' , 'entrance', regex=True, inplace=True)\n",
    "df[\"gate-name\"].replace(r'(general-gate\\d*)' , 'general gate', regex=True, inplace=True)\n",
    "df[\"gate-name\"].replace(r'(ranger-stop\\d*)' , 'ranger-stop', regex=True, inplace=True)\n",
    "df[\"gate-name\"].replace(r'(camping\\d*)' , 'camping', regex=True, inplace=True)\n",
    "df[\"gate-name\"].replace(r'(gate\\d*)' , 'gate', regex=True, inplace=True)\n",
    "\n"
   ]
  },
  {
   "cell_type": "code",
   "execution_count": 11,
   "metadata": {},
   "outputs": [
    {
     "data": {
      "text/html": [
       "<div>\n",
       "<style scoped>\n",
       "    .dataframe tbody tr th:only-of-type {\n",
       "        vertical-align: middle;\n",
       "    }\n",
       "\n",
       "    .dataframe tbody tr th {\n",
       "        vertical-align: top;\n",
       "    }\n",
       "\n",
       "    .dataframe thead th {\n",
       "        text-align: right;\n",
       "    }\n",
       "</style>\n",
       "<table border=\"1\" class=\"dataframe\">\n",
       "  <thead>\n",
       "    <tr style=\"text-align: right;\">\n",
       "      <th></th>\n",
       "      <th>car-id</th>\n",
       "      <th>gate-name</th>\n",
       "      <th>Timestamp</th>\n",
       "      <th>car-type</th>\n",
       "    </tr>\n",
       "  </thead>\n",
       "  <tbody>\n",
       "    <tr>\n",
       "      <th>0</th>\n",
       "      <td>20154301124328-262</td>\n",
       "      <td>entrance</td>\n",
       "      <td>5/1/15 0:43</td>\n",
       "      <td>4</td>\n",
       "    </tr>\n",
       "    <tr>\n",
       "      <th>1</th>\n",
       "      <td>20154301124328-262</td>\n",
       "      <td>general gate</td>\n",
       "      <td>5/1/15 1:03</td>\n",
       "      <td>4</td>\n",
       "    </tr>\n",
       "    <tr>\n",
       "      <th>2</th>\n",
       "      <td>20154301124328-262</td>\n",
       "      <td>ranger-stop</td>\n",
       "      <td>5/1/15 1:06</td>\n",
       "      <td>4</td>\n",
       "    </tr>\n",
       "    <tr>\n",
       "      <th>3</th>\n",
       "      <td>20154301124328-262</td>\n",
       "      <td>ranger-stop</td>\n",
       "      <td>5/1/15 1:09</td>\n",
       "      <td>4</td>\n",
       "    </tr>\n",
       "    <tr>\n",
       "      <th>4</th>\n",
       "      <td>20154301124328-262</td>\n",
       "      <td>general gate</td>\n",
       "      <td>5/1/15 1:12</td>\n",
       "      <td>4</td>\n",
       "    </tr>\n",
       "    <tr>\n",
       "      <th>...</th>\n",
       "      <td>...</td>\n",
       "      <td>...</td>\n",
       "      <td>...</td>\n",
       "      <td>...</td>\n",
       "    </tr>\n",
       "    <tr>\n",
       "      <th>171472</th>\n",
       "      <td>20161031111001-854</td>\n",
       "      <td>ranger-stop</td>\n",
       "      <td>5/31/16 23:40</td>\n",
       "      <td>6</td>\n",
       "    </tr>\n",
       "    <tr>\n",
       "      <th>171473</th>\n",
       "      <td>20165831105856-579</td>\n",
       "      <td>general gate</td>\n",
       "      <td>5/31/16 23:42</td>\n",
       "      <td>1</td>\n",
       "    </tr>\n",
       "    <tr>\n",
       "      <th>171474</th>\n",
       "      <td>20161031111001-854</td>\n",
       "      <td>general gate</td>\n",
       "      <td>5/31/16 23:43</td>\n",
       "      <td>6</td>\n",
       "    </tr>\n",
       "    <tr>\n",
       "      <th>171475</th>\n",
       "      <td>20165831105856-579</td>\n",
       "      <td>general gate</td>\n",
       "      <td>5/31/16 23:49</td>\n",
       "      <td>1</td>\n",
       "    </tr>\n",
       "    <tr>\n",
       "      <th>171476</th>\n",
       "      <td>20161031111001-854</td>\n",
       "      <td>general gate</td>\n",
       "      <td>5/31/16 23:56</td>\n",
       "      <td>6</td>\n",
       "    </tr>\n",
       "  </tbody>\n",
       "</table>\n",
       "<p>171477 rows × 4 columns</p>\n",
       "</div>"
      ],
      "text/plain": [
       "                    car-id     gate-name      Timestamp car-type\n",
       "0       20154301124328-262      entrance    5/1/15 0:43        4\n",
       "1       20154301124328-262  general gate    5/1/15 1:03        4\n",
       "2       20154301124328-262   ranger-stop    5/1/15 1:06        4\n",
       "3       20154301124328-262   ranger-stop    5/1/15 1:09        4\n",
       "4       20154301124328-262  general gate    5/1/15 1:12        4\n",
       "...                    ...           ...            ...      ...\n",
       "171472  20161031111001-854   ranger-stop  5/31/16 23:40        6\n",
       "171473  20165831105856-579  general gate  5/31/16 23:42        1\n",
       "171474  20161031111001-854  general gate  5/31/16 23:43        6\n",
       "171475  20165831105856-579  general gate  5/31/16 23:49        1\n",
       "171476  20161031111001-854  general gate  5/31/16 23:56        6\n",
       "\n",
       "[171477 rows x 4 columns]"
      ]
     },
     "execution_count": 11,
     "metadata": {},
     "output_type": "execute_result"
    }
   ],
   "source": [
    "df = df[['car-id', 'gate-name', 'Timestamp', 'car-type']]\n",
    "df"
   ]
  },
  {
   "cell_type": "code",
   "execution_count": 12,
   "metadata": {},
   "outputs": [],
   "source": [
    "df.to_csv('cleaned-eventflow.txt',index=False,header=False,sep=\"\\t\")"
   ]
  },
  {
   "cell_type": "code",
   "execution_count": null,
   "metadata": {},
   "outputs": [],
   "source": []
  }
 ],
 "metadata": {
  "kernelspec": {
   "display_name": "Python 3",
   "language": "python",
   "name": "python3"
  },
  "language_info": {
   "codemirror_mode": {
    "name": "ipython",
    "version": 3
   },
   "file_extension": ".py",
   "mimetype": "text/x-python",
   "name": "python",
   "nbconvert_exporter": "python",
   "pygments_lexer": "ipython3",
   "version": "3.8.3"
  }
 },
 "nbformat": 4,
 "nbformat_minor": 4
}
